START 0 450
M2 414 569
M3 457 234
M4 456 754
M5 149 234
M6 340 124
M7 123 754
M8 575 456
M9 322 342
M10 432 523
M11 753 436
DEST 800 450
---
0 42 39 26 95 23 11 6 76 96 63 56
42 0 23 15 55 63 76 47 87 38 62 78
39 23 0 5 10 33 77 3 19 41 85 47
26 15 5 0 32 45 6 44 14 61 55 44
95 55 10 32 0 78 25 60 76 77 24 93
23 63 33 45 78 0 72 38 4 19 95 94
11 76 77 6 25 72 0 19 51 11 98 48
6 47 3 44 60 38 19 0 72 27 12 36
76 87 19 14 76 4 51 72 0 74 44 33
96 38 41 61 77 19 11 27 74 0 32 76
63 62 85 55 24 95 98 12 44 32 0 23
56 78 47 44 93 94 48 36 33 76 23 0
