START 0 450
M2 414 569
M3 457 234
M4 456 754
M5 149 431
M6 340 124
M7 123 754
M8 575 456
M9 322 342
M10 432 523
M11 753 436
M12 368 386
M13 89 195
M14 157 332
M15 680 129
M16 450 637
M17 46 529
M18 677 622
M19 648 116
M20 227 600
M21 401 206
M22 621 335
M23 254 209
DEST 800 450
---
0 42 39 26 95 23 34 126 76 96 63 56 54 79 49 66 2 73 57 31 81 54 76 67
42 0 23 15 55 63 76 47 87 38 62 78 75 98 72 60 25 48 50 81 36 22 18 57
39 23 0 36 75 33 77 68 19 41 85 47 49 36 33 52 62 30 68 22 16 50 52 75
26 15 36 0 32 45 126 44 24 61 55 44 63 69 65 28 30 6 51 5 80 23 85 80
95 55 75 32 0 78 25 60 76 77 24 93 69 80 40 85 36 90 92 65 37 41 69 21
23 63 33 45 78 0 72 38 36 19 95 94 74 23 86 56 51 88 60 75 72 49 86 33
34 76 77 126 25 72 0 19 51 34 98 48 24 33 75 24 3 86 15 4 51 68 30 21
126 47 68 44 60 38 19 0 72 27 52 36 70 74 53 69 43 52 96 35 39 64 55 126
76 87 19 24 76 36 51 72 0 74 44 33 81 83 52 91 54 66 63 26 75 51 22 78
96 38 41 61 77 19 34 27 74 0 32 76 21 67 37 65 85 18 88 126 68 48 93 83
63 62 85 55 24 95 98 52 44 32 0 23 36 17 47 51 34 28 62 53 34 51 57 27
56 78 47 44 93 94 48 36 33 76 23 0 82 20 92 43 53 31 53 36 34 79 75 51
54 75 49 63 69 74 24 70 81 21 36 82 0 59 31 28 66 25 60 69 39 43 95 29
79 98 36 69 80 23 33 74 83 67 17 20 59 0 42 81 23 92 89 42 81 40 60 75
49 72 33 65 40 86 75 53 52 37 47 92 31 42 0 18 24 24 69 30 40 96 35 25
66 60 52 28 85 56 24 69 91 65 51 43 28 81 18 0 15 53 92 16 38 94 79 78
2 25 62 30 36 51 3 43 54 85 34 53 66 23 24 15 0 75 26 85 33 26 28 81
73 48 30 6 90 88 86 52 66 18 28 31 25 92 24 53 75 0 98 26 68 43 69 3
57 50 68 51 92 60 15 96 63 88 62 53 60 89 69 92 26 98 0 56 26 36 63 50
31 81 22 5 65 75 4 35 26 126 53 36 69 42 30 16 85 26 56 0 54 55 53 88
81 36 16 80 37 72 51 39 75 68 34 34 39 81 40 38 33 68 26 54 0 23 90 99
54 22 50 23 41 49 68 64 51 48 51 79 43 40 96 94 26 43 36 55 23 0 29 68
76 18 52 85 69 86 30 55 22 93 57 75 95 60 35 79 28 69 63 53 90 29 0 97
67 57 75 80 21 33 21 126 78 83 27 51 29 75 25 78 81 3 50 88 99 68 97 0


